46544904 46544904
46544904 46544904
46544904 46544904
46544904 46544904
46544904 46544904
46544904 46544904
46544904 46544904
46544904 46544904
46544904 46544904
46544904 46544904
46544904 46544904
46544904 46544904
46544904 46544904
46544904 46544904
46544904 46544904
46544904 46544904
46544904 46544904
46544904 46544904
46544904 46544904
224931192 224931192
224931192 224931192
224931192 224931192
224931192 224931192
224931192 224931192
224931192 224931192
224931192 224931192
224931192 224931192
224931192 224931192
224931192 224931192
224931192 224931192
224931192 224931192
224931192 224931192
224931192 224931192
224931192 224931192
